N=100, p=10, model=Cauchy samp: [0.4545, 0.6622, 1.2191, 0.2073, 0.3555, 3.3496, 0.5191, 0.5208, 0.4536, 0.3415]
N=100, p=10, model=Cauchy wgan: [11.09, 3.227, 4.8462, 8.1316, 10.5738, 8.6609, 7.2209, 8.3584, 9.0077, 9.4117]
N=100, p=10, model=Normal samp: [0.713, 0.5653, 0.9943, 0.6292, 0.8376, 1.2021, 0.9021, 0.8856, 0.9195, 1.8172]
N=100, p=10, model=Normal wgan: [5.5308, 9.9863, 7.3749, 9.2525, 9.4455, 8.6824, 9.8527, 8.2319, 9.2412, 6.0706]
N=100, p=10, model=Gumbel samp: [1.3989, 0.9544, 0.6786, 1.0155, 1.168, 0.8008, 1.3789, 0.4393, 2.4328, 0.7579]
N=100, p=10, model=Gumbel wgan: [6.0875, 8.1676, 6.9844, 6.1147, 10.2879, 7.9814, 6.5318, 4.9791, 6.4722, 5.2378]
N=100, p=20, model=Cauchy samp: [0.4687, 0.4601, 0.8381, 0.4258, 0.6889, 0.4768, 1.4465, 1.1995, 0.5459, 1.2764]
N=100, p=20, model=Cauchy wgan: [12.59, 13.1606, 11.4896, 12.842, 13.8582, 12.6889, 12.6098, 11.5327, 12.3491, 13.2592]
N=100, p=20, model=Normal samp: [1.258, 1.9143, 1.6763, 2.7612, 1.7653, 2.0903, 1.3802, 1.6978, 1.3846, 2.271]
N=100, p=20, model=Normal wgan: [12.1657, 12.7257, 13.7227, 10.5803, 12.8268, 12.0634, 12.6692, 12.8961, 12.1036, 12.9019]
N=100, p=20, model=Gumbel samp: [2.0877, 2.0716, 4.1262, 1.845, 1.7613, 2.0684, 2.6331, 0.957, 1.1957, 3.154]
N=100, p=20, model=Gumbel wgan: [11.3869, 13.1489, 13.2081, 13.1022, 13.4827, 11.8688, 11.998, 12.6024, 12.1949, 13.3981]
N=100, p=40, model=Cauchy samp: [0.9648, 0.8931, 0.8585, 1.5798, 0.8935, 0.8203, 4.158, 1.2255, 1.0932, 1.2711]
N=100, p=40, model=Cauchy wgan: [19.8998, 20.879, 18.53, 19.2421, 19.2134, 18.9459, 20.5586, 20.2793, 18.4858, 20.8452]
N=100, p=40, model=Normal samp: [2.0488, 1.498, 2.5563, 2.7305, 2.2605, 2.1958, 1.4641, 2.8115, 2.0854, 2.946]
N=100, p=40, model=Normal wgan: [20.3911, 19.9261, 19.6665, 19.4485, 19.538, 20.7348, 18.5619, 19.1783, 19.0317, 19.4775]
N=100, p=40, model=Gumbel samp: [2.9391, 3.4522, 2.6081, 2.5887, 2.9565, 2.8586, 1.8983, 4.5116, 4.8536, 6.5103]
N=100, p=40, model=Gumbel wgan: [19.9681, 19.8962, 20.5349, 20.661, 20.6308, 20.3963, 18.9863, 19.7799, 19.1299, 19.1541]
N=100, p=80, model=Cauchy samp: [13.7926, 2.3063, 2.3306, 2.7441, 6.6314, 1.9457, 1.6787, 2.7488, 6.8178, 3.33]
N=100, p=80, model=Cauchy wgan: [29.265, 29.8426, 30.0452, 30.1117, 29.3483, 29.6407, 29.5682, 28.3406, 28.7264, 30.0023]
N=100, p=80, model=Normal samp: [5.0323, 9.2161, 2.8978, 3.9122, 5.2519, 6.5431, 5.3335, 7.7574, 4.0667, 7.6989]
N=100, p=80, model=Normal wgan: [30.0192, 29.4231, 29.7373, 28.5457, 29.1219, 30.0504, 29.8741, 28.6031, 29.0604, 29.1007]
N=100, p=80, model=Gumbel samp: [10.0463, 8.3589, 14.3209, 9.029, 2.7879, 9.9411, 12.4297, 12.762, 6.6122, 13.1982]
N=100, p=80, model=Gumbel wgan: [29.4114, 29.0679, 29.1818, 29.6581, 28.6598, 29.365, 29.5694, 29.2425, 28.8718, 28.9923]
N=1000, p=10, model=Cauchy samp: [1.2683, 0.2727, 0.3435, 0.4586, 0.325, 0.4464, 0.4219, 0.1821, 3.8821, 0.3228]
N=1000, p=10, model=Cauchy wgan: [0.8219, 2.232, 0.6107, 0.9286, 1.4772, 0.9761, 1.6891, 1.494, 1.1333, 1.42]
N=1000, p=10, model=Normal samp: [0.2424, 0.224, 0.243, 0.232, 0.3911, 0.3696, 0.3568, 0.3688, 0.2704, 0.5341]
N=1000, p=10, model=Normal wgan: [3.9944, 3.7836, 2.414, 1.5749, 1.7068, 2.0904, 0.8866, 0.7849, 1.6791, 1.4521]
N=1000, p=10, model=Gumbel samp: [0.6115, 0.3368, 0.3264, 0.4208, 0.5786, 0.4795, 0.3809, 0.5166, 0.3633, 0.4292]
N=1000, p=10, model=Gumbel wgan: [1.6216, 1.7044, 1.1322, 1.5328, 5.2422, 1.6273, 0.942, 6.299, 1.9346, 1.1406]
N=1000, p=20, model=Cauchy samp: [4.0207, 0.6296, 0.3856, 0.5484, 0.3317, 0.5972, 1.1074, 2.9539, 0.9753, 0.3728]
N=1000, p=20, model=Cauchy wgan: [3.5977, 3.795, 0.932, 4.4261, 4.7725, 1.4354, 2.3242, 5.4448, 3.2543, 2.4131]
N=1000, p=20, model=Normal samp: [0.3949, 0.5027, 0.5713, 0.3801, 0.5235, 0.4161, 0.5394, 0.4398, 0.4822, 0.4352]
N=1000, p=20, model=Normal wgan: [10.4756, 2.6629, 4.7013, 3.5345, 4.1344, 3.1243, 7.7586, 9.4677, 3.5222, 2.0169]
N=1000, p=20, model=Gumbel samp: [0.9491, 0.514, 1.0136, 0.5847, 0.545, 0.4833, 0.6577, 0.6464, 0.4828, 0.6395]
N=1000, p=20, model=Gumbel wgan: [6.6942, 3.218, 3.1565, 5.652, 3.1882, 6.2286, 5.1996, 3.4374, 9.4374, 2.8157]
N=1000, p=40, model=Cauchy samp: [0.4483, 2.8975, 2.2575, 0.3298, 0.8967, 0.4411, 0.5511, 2.2787, 1.4044, 0.8313]
N=1000, p=40, model=Cauchy wgan: [4.5977, 4.93, 7.001, 8.9803, 1.3621, 7.8389, 6.0031, 7.3466, 5.9913, 3.6522]
N=1000, p=40, model=Normal samp: [0.6417, 0.7078, 0.6378, 0.7148, 0.6064, 0.6048, 0.6746, 0.5503, 0.5507, 0.7534]
N=1000, p=40, model=Normal wgan: [11.6454, 4.1446, 7.0872, 13.1267, 7.9201, 5.3067, 5.1127, 2.1337, 5.4787, 4.0017]
N=1000, p=40, model=Gumbel samp: [0.8115, 0.9567, 0.88, 1.1194, 0.7198, 0.7457, 1.133, 0.8235, 0.8818, 0.7421]
N=1000, p=40, model=Gumbel wgan: [2.0144, 2.018, 11.172, 4.8932, 8.5958, 8.7406, 10.9542, 5.6891, 8.9256, 5.398]
N=1000, p=80, model=Cauchy samp: [1.1906, 0.4282, 2.8181, 1.4875, 4.3508, 0.6598, 2.2491, 0.8647, 7.2136, 4.7599]
N=1000, p=80, model=Cauchy wgan: [6.2764, 9.5802, 10.7189, 10.6031, 12.2519, 11.3106, 11.4339, 12.198, 14.7338, 10.8902]
N=1000, p=80, model=Normal samp: [1.0062, 0.9259, 0.8787, 0.7727, 0.9609, 0.8385, 0.8604, 0.9404, 1.0175, 1.0913]
N=1000, p=80, model=Normal wgan: [11.5836, 13.262, 10.4145, 13.0765, 4.1179, 3.8633, 5.5237, 6.0072, 11.5609, 3.5483]
N=1000, p=80, model=Gumbel samp: [1.1019, 1.1143, 1.4663, 1.1715, 1.1315, 1.1862, 0.928, 1.5335, 1.259, 1.6118]
N=1000, p=80, model=Gumbel wgan: [9.074, 10.2561, 4.6004, 9.7123, 12.0672, 7.3496, 5.6278, 7.8315, 9.6256, 7.5629]
N=5000, p=10, model=Cauchy samp: [7.9638, 0.2371, 0.341, 0.464, 0.2458, 0.1253, 0.2743, 0.6711, 0.4539, 0.2689]
N=5000, p=10, model=Cauchy wgan: [1.4065, 1.1784, 1.2914, 2.1822, 1.048, 0.497, 0.8561, 2.7124, 1.3384, 2.3899]
N=5000, p=10, model=Normal samp: [0.1195, 0.171, 0.1019, 0.107, 0.1218, 0.1642, 0.1155, 0.1056, 0.133, 0.1608]
N=5000, p=10, model=Normal wgan: [1.3007, 1.917, 1.7304, 2.3121, 1.3221, 1.7469, 3.7184, 1.2959, 1.4643, 1.6768]
N=5000, p=10, model=Gumbel samp: [0.1331, 0.2216, 0.165, 0.1649, 0.1623, 0.2887, 0.2587, 0.212, 0.1686, 0.3123]
N=5000, p=10, model=Gumbel wgan: [1.4567, 0.8688, 0.7798, 1.574, 1.2462, 0.5268, 1.4504, 0.9981, 1.3169, 0.6527]
N=5000, p=20, model=Cauchy samp: [0.8772, 0.1849, 2.3136, 1.1932, 0.5722, 13.0862, 0.5405, 0.1835, 0.2085, 0.5214]
N=5000, p=20, model=Cauchy wgan: [0.9393, 0.5735, 0.7721, 3.972, 1.199, 4.8056, 5.7781, 0.8741, 2.0817, 1.3616]
N=5000, p=20, model=Normal samp: [0.233, 0.1883, 0.2214, 0.2368, 0.1934, 0.2084, 0.1562, 0.1985, 0.258, 0.2157]
N=5000, p=20, model=Normal wgan: [2.1645, 1.2166, 1.1925, 1.3647, 3.3851, 3.6719, 1.0236, 2.4141, 2.0218, 3.4998]
N=5000, p=20, model=Gumbel samp: [0.3647, 0.2583, 0.2049, 0.3125, 0.2884, 0.2672, 0.2906, 0.3009, 0.249, 0.2767]
N=5000, p=20, model=Gumbel wgan: [1.3135, 1.4273, 0.7173, 0.8441, 1.2376, 1.0197, 1.3031, 1.9062, 1.6467, 1.1705]
N=5000, p=40, model=Cauchy samp: [0.6078, 7.5141, 0.2814, 0.4995, 0.3563, 1.0464, 0.5854, 0.6404, 0.5286, 0.3285]
N=5000, p=40, model=Cauchy wgan: [4.3123, 1.1709, 3.3316, 1.4422, 1.759, 5.9133, 1.8732, 3.6238, 1.2637, 1.4669]
N=5000, p=40, model=Normal samp: [0.2216, 0.3128, 0.3147, 0.2794, 0.3118, 0.3035, 0.2683, 0.2856, 0.2866, 0.3236]
N=5000, p=40, model=Normal wgan: [2.1908, 2.9385, 1.7881, 1.4385, 1.8976, 2.9916, 5.8267, 1.6418, 2.4922, 1.4446]
N=5000, p=40, model=Gumbel samp: [0.4318, 0.2705, 0.3602, 0.3866, 0.4699, 0.4761, 0.4705, 0.4134, 0.3906, 0.3846]
N=5000, p=40, model=Gumbel wgan: [1.7135, 1.0823, 2.5194, 1.0313, 1.4286, 1.9854, 1.2619, 3.2986, 1.7954, 4.5401]
N=5000, p=80, model=Cauchy samp: [0.7362, 0.5469, 1.1011, 1.0541, 0.6004, 1.3901, 0.6857, 0.4764, 2.3096, 1.4016]
N=5000, p=80, model=Cauchy wgan: [8.1783, 8.2095, 3.201, 3.0149, 2.4474, 2.0584, 9.8039, 2.3328, 2.2023, 11.4651]
N=5000, p=80, model=Normal samp: [0.4506, 0.4105, 0.4729, 0.3881, 0.4127, 0.4394, 0.4327, 0.4666, 0.3794, 0.4043]
N=5000, p=80, model=Normal wgan: [2.2091, 3.9, 20.1414, 2.1342, 5.4943, 10.3047, 6.7946, 2.4706, 2.404, 6.1668]
N=5000, p=80, model=Gumbel samp: [0.6341, 0.5887, 0.479, 0.5819, 0.6398, 0.5858, 0.6185, 0.6294, 0.5722, 0.5865]
N=5000, p=80, model=Gumbel wgan: [2.7433, 6.7561, 4.0203, 2.1506, 2.6064, 7.3864, 11.0984, 4.2882, 2.8801, 2.348]
N=10000, p=10, model=Cauchy samp: [0.2752, 1.5359, 0.8208, 0.2142, 2.3731, 0.339, 0.5866, 1.2705, 0.092, 0.1894]
N=10000, p=10, model=Cauchy wgan: [0.6021, 2.2791, 1.1838, 1.0356, 1.7591, 1.6064, 1.5362, 1.4512, 0.54, 1.8695]
N=10000, p=10, model=Normal samp: [0.1013, 0.067, 0.1384, 0.0839, 0.1091, 0.1168, 0.1039, 0.1235, 0.0752, 0.1046]
N=10000, p=10, model=Normal wgan: [0.7851, 1.3879, 0.8811, 1.9576, 0.8963, 0.6908, 0.9806, 1.394, 0.948, 1.5303]
N=10000, p=10, model=Gumbel samp: [0.1912, 0.1402, 0.1937, 0.1127, 0.1373, 0.1515, 0.1333, 0.1539, 0.1203, 0.1063]
N=10000, p=10, model=Gumbel wgan: [1.2818, 12.9778, 0.64, 2.1836, 0.6516, 1.3992, 1.0973, 1.4248, 1.2017, 1.7185]
N=10000, p=20, model=Cauchy samp: [0.4641, 0.1922, 0.3405, 0.3679, 1.319, 0.2244, 5.8366, 0.9079, 58.1467, 0.5701]
N=10000, p=20, model=Cauchy wgan: [14.8276, 0.6307, 1.2625, 2.4617, 1.5813, 1.3654, 1.5051, 0.6265, 0.6607, 0.592]
N=10000, p=20, model=Normal samp: [0.1572, 0.1942, 0.1628, 0.1357, 0.1439, 0.1481, 0.1204, 0.2434, 0.1116, 0.1505]
N=10000, p=20, model=Normal wgan: [1.294, 1.8848, 1.8714, 1.5873, 1.4543, 1.2335, 1.3261, 0.9073, 1.0299, 2.3478]
N=10000, p=20, model=Gumbel samp: [0.2585, 0.1538, 0.1815, 0.1547, 0.1386, 0.1882, 0.222, 0.202, 0.1981, 0.1669]
N=10000, p=20, model=Gumbel wgan: [1.4348, 0.8843, 1.1999, 1.612, 0.7368, 0.8838, 0.8409, 0.7635, 2.2315, 1.4992]
N=10000, p=40, model=Cauchy samp: [1.9005, 0.5129, 26.1548, 6.4496, 0.7201, 1.1582, 0.2546, 0.8145, 0.4952, 1.9986]
N=10000, p=40, model=Cauchy wgan: [1.5785, 4.7866, 7.6092, 2.088, 9.3496, 7.5802, 6.2379, 1.2005, 7.8609, 1.0667]
N=10000, p=40, model=Normal samp: [0.1977, 0.2055, 0.1826, 0.2094, 0.2054, 0.189, 0.1884, 0.1942, 0.1864, 0.2298]
N=10000, p=40, model=Normal wgan: [2.1584, 1.3449, 5.0475, 5.7466, 2.1469, 2.9442, 1.7254, 1.2532, 1.1696, 1.0362]
N=10000, p=40, model=Gumbel samp: [0.2581, 0.3045, 0.2773, 0.3171, 0.2501, 0.327, 0.2573, 0.2309, 0.2945, 0.2827]
N=10000, p=40, model=Gumbel wgan: [0.9606, 1.4825, 1.7121, 1.6847, 0.9452, 1.7016, 1.3188, 1.5346, 1.5651, 1.1626]
N=10000, p=80, model=Cauchy samp: [1.1639, 1.5847, 0.4356, 0.3325, 1.1306, 0.9362, 5.6769, 0.9386, 2.6182, 0.6968]
N=10000, p=80, model=Cauchy wgan: [1.4572, 2.0544, 7.1603, 10.2668, 2.8934, 11.08, 2.4476, 10.8386, 9.8602, 5.8152]
N=10000, p=80, model=Normal samp: [0.3198, 0.3104, 0.2604, 0.302, 0.2992, 0.2636, 0.319, 0.3055, 0.3053, 0.2748]
N=10000, p=80, model=Normal wgan: [2.818, 2.7907, 9.6841, 1.9431, 1.7751, 2.6842, 3.9846, 3.5819, 1.9585, 2.8215]
N=10000, p=80, model=Gumbel samp: [0.3419, 0.4833, 0.3668, 0.3908, 0.4268, 0.4183, 0.4266, 0.4348, 0.403, 0.4872]
N=10000, p=80, model=Gumbel wgan: [1.7448, 2.6547, 1.8958, 9.2337, 2.3171, 1.6309, 1.6366, 5.7918, 2.3289, 1.4852]
