N=100, p=10, model=Cauchy samp: [7.6481, 13.8753, 36.2008, 75.4952, 133.4437, 9.4756, 6.2499, 66.2385, 62.367, 6.1975]
N=100, p=10, model=Cauchy wgan: [3.628, 18.9041, 11.7024, 4.3462, 3.7848, 5.9907, 8.1199, 7.2239, 4.1381, 6.8951]
N=100, p=10, model=Normal samp: [20.6635, 19.8735, 12.1546, 15.9882, 18.6043, 22.6871, 27.1289, 13.4672, 10.3499, 15.6001]
N=100, p=10, model=Normal wgan: [14.0539, 5.3606, 9.5187, 9.0604, 24.9387, 13.3171, 13.2422, 12.8259, 7.4071, 13.7529]
N=100, p=10, model=Gumbel samp: [15.2966, 9.9564, 11.1659, 46.3739, 5.0163, 15.7805, 28.287, 10.6349, 13.8681, 17.3377]
N=100, p=10, model=Gumbel wgan: [5.8027, 4.0343, 9.376, 8.5988, 12.1638, 4.6792, 9.4653, 15.2801, 16.657, 4.3587]
N=100, p=20, model=Cauchy samp: [13019.3146, 3666.4324, 4255.7245, 148.1998, 24.9375, 1446.1071, 1522917.9154, 886.7703, 163.4349, 33.7507]
N=100, p=20, model=Cauchy wgan: [28.1216, 30.829, 14.0135, 28.0144, 18.1531, 39.2762, 20.4371, 19.3602, 12.5637, 38.8166]
N=100, p=20, model=Normal samp: [26.9957, 30.144, 33.699, 21.4948, 8.6458, 45.4541, 14.4079, 28.0816, 19.1936, 24.0893]
N=100, p=20, model=Normal wgan: [27.5961, 18.7708, 54.5733, 29.7416, 31.27, 54.4689, 21.5723, 86.959, 20.3639, 19.7292]
N=100, p=20, model=Gumbel samp: [30.0512, 29.4712, 41.0379, 21.6418, 24.019, 32.1781, 39.8444, 70.4558, 14.3041, 25.8958]
N=100, p=20, model=Gumbel wgan: [57.1871, 24.1217, 21.932, 54.4627, 63.1757, 28.5393, 49.7199, 114.0216, 18.718, 24.715]
N=100, p=40, model=Cauchy samp: [7301.1085, 252.3913, 2200.5675, 12490.4991, 2759171.361, 2878.2577, 634.8329, 171.0183, 12612.5365, 622.2846]
N=100, p=40, model=Cauchy wgan: [70.3647, 71.4216, 87.6814, 167.3173, 52.4366, 121.6783, 187.6797, 158.2467, 173.0343, 106.0836]
N=100, p=40, model=Normal samp: [80.8331, 111.195, 51.9659, 71.8544, 89.8334, 29.1553, 53.4572, 90.1271, 84.7913, 123.6597]
N=100, p=40, model=Normal wgan: [179.391, 94.9114, 45.8188, 109.4648, 90.8651, 66.7796, 133.3236, 67.6886, 470.4016, 301.5118]
N=100, p=40, model=Gumbel samp: [63.8192, 46.8308, 124.5482, 70.1313, 45.3733, 54.4045, 64.6362, 39.9126, 49.4161, 59.5122]
N=100, p=40, model=Gumbel wgan: [122.447, 169.8629, 144.9549, 101.9128, 84.7672, 177.1505, 187.0645, 167.1056, 95.3207, 239.4078]
N=1000, p=10, model=Cauchy samp: [367.0953, 510.8496, 517.0246, 79.1998, 7793.9367, 5250.428, 108.6127, 1988.674, 170.9974, 1242.4734]
N=1000, p=10, model=Cauchy wgan: [2.1693, 3.5449, 3.5319, 2.2563, 3.5313, 2.2491, 7.3953, 5.1057, 12.6311, 3.7493]
N=1000, p=10, model=Normal samp: [21.4174, 20.3448, 21.7186, 18.0709, 25.5108, 18.71, 18.0137, 19.9291, 23.0868, 20.1621]
N=1000, p=10, model=Normal wgan: [20.0381, 8.3318, 9.8943, 7.7622, 25.4908, 10.345, 9.0096, 15.1189, 15.7614, 5.282]
N=1000, p=10, model=Gumbel samp: [8.4474, 11.3687, 9.9556, 8.5065, 13.7684, 8.3207, 12.0018, 7.8756, 9.1298, 6.3021]
N=1000, p=10, model=Gumbel wgan: [4.1554, 11.7434, 6.0237, 2.8347, 8.5741, 9.5828, 3.4746, 5.8257, 11.2481, 11.3781]
N=1000, p=20, model=Cauchy samp: [400.3688, 1802.4598, 311.6715, 29411.8566, 168.9163, 1608.0992, 689.0461, 1182.5369, 829.9887, 36391.6336]
N=1000, p=20, model=Cauchy wgan: [13.4143, 19.3609, 12.333, 8.7867, 13.7194, 13.3466, 9.4513, 12.4153, 11.1537, 11.6879]
N=1000, p=20, model=Normal samp: [33.1066, 41.8243, 34.0174, 22.2455, 37.0683, 29.6209, 30.3499, 42.0022, 32.2273, 39.1628]
N=1000, p=20, model=Normal wgan: [21.1643, 40.9188, 33.9799, 34.9407, 35.4333, 29.5564, 27.2154, 67.7741, 37.9628, 32.1813]
N=1000, p=20, model=Gumbel samp: [16.7809, 9.9115, 7.494, 25.3308, 13.497, 12.0913, 8.5229, 8.2058, 9.6184, 11.4757]
N=1000, p=20, model=Gumbel wgan: [64.4187, 36.988, 26.2901, 60.5822, 50.0879, 26.8385, 53.1861, 24.3233, 9.7213, 16.2672]
N=1000, p=40, model=Cauchy samp: [37066.3579, 54675.1132, 2373.9356, 39756.0519, 1785.8284, 3159.6017, 21336.9386, 2074.6193, 12987.111, 14595.3942]
N=1000, p=40, model=Cauchy wgan: [54.9578, 51.9418, 33.3999, 40.4854, 40.2072, 27.1435, 43.8144, 30.5511, 40.3504, 51.1054]
N=1000, p=40, model=Normal samp: [74.4681, 17.0923, 62.7703, 41.2644, 60.3214, 54.0012, 36.3415, 41.6579, 35.8676, 52.8504]
N=1000, p=40, model=Normal wgan: [93.1391, 35.1616, 120.4238, 97.5856, 142.8654, 44.0066, 32.7695, 91.5012, 84.9687, 137.1739]
N=1000, p=40, model=Gumbel samp: [22.13, 40.8701, 13.6299, 28.3681, 16.3767, 16.4559, 17.3743, 14.0639, 27.2283, 14.3731]
N=1000, p=40, model=Gumbel wgan: [57.2127, 49.5602, 68.941, 47.0545, 107.9602, 154.1974, 75.1659, 76.0668, 104.1796, 61.3611]
N=5000, p=10, model=Cauchy samp: [6137.8669, 377.7377, 1510.8951, 865.852, 9086.6569, 206.2337, 1787.6731, 1174.7166, 1381.9681, 2748.8675]
N=5000, p=10, model=Cauchy wgan: [8.1687, 3.5251, 2.9156, 3.9389, 2091.5754, 2.7279, 2.086, 2.74, 2.4742, 2.9328]
N=5000, p=10, model=Normal samp: [19.138, 20.1342, 20.5701, 20.7553, 19.5296, 20.6913, 19.6493, 19.3094, 20.3528, 20.9356]
N=5000, p=10, model=Normal wgan: [11.0396, 7.438, 15.8642, 12.8555, 15.1141, 9.3652, 11.2213, 14.3792, 4.326, 9.0679]
N=5000, p=10, model=Gumbel samp: [8.6692, 8.7434, 8.4871, 9.8653, 9.0716, 8.6919, 8.975, 11.0763, 9.2427, 11.9046]
N=5000, p=10, model=Gumbel wgan: [3.9299, 6.8938, 4.4253, 3.5355, 12.8849, 4.539, 8.1394, 7.2992, 7.7755, 13.8113]
N=5000, p=20, model=Cauchy samp: [5284.1367, 3038.5718, 1014.1563, 37096.3947, 500383.0749, 32066.3592, 1095.0892, 50611.0256, 2240.7917, 15094.6825]
N=5000, p=20, model=Cauchy wgan: [6.8039, 15.006, 12.9136, 8.2747, 13.3489, 16.2295, 10.8321, 9.5209, 11.4102, 11.3206]
N=5000, p=20, model=Normal samp: [37.8456, 36.927, 35.2589, 28.2907, 38.775, 29.3417, 35.5674, 36.6431, 39.1844, 34.8853]
N=5000, p=20, model=Normal wgan: [41.463, 39.2999, 35.2253, 32.7135, 39.5148, 33.9812, 42.234, 46.0432, 28.6929, 38.6437]
N=5000, p=20, model=Gumbel samp: [8.8878, 11.99, 7.4773, 10.2243, 8.7087, 7.8124, 10.3899, 7.2073, 7.3227, 12.65]
N=5000, p=20, model=Gumbel wgan: [36.8271, 28.3931, 17.3933, 18.6827, 16.8319, 42.8183, 35.2901, 25.5923, 26.1134, 34.0135]
N=5000, p=40, model=Cauchy samp: [566655.1481, 66372678.5269, 52323.5021, 13555.9191, 4804.4355, 20386.5085, 134231.6574, 18104.4716, 58574.9141, 833428.969]
N=5000, p=40, model=Cauchy wgan: [69.3011, 32.7175, 58.6896, 43.1057, 39.0201, 54.1732, 71.2502, 52.6752, 42.3464, 45.9705]
N=5000, p=40, model=Normal samp: [58.7174, 57.3477, 68.225, 55.681, 51.3574, 41.0253, 52.5978, 52.3687, 36.145, 46.4087]
N=5000, p=40, model=Normal wgan: [151.9707, 84.9564, 138.5643, 122.6389, 112.8962, 111.6946, 91.7416, 135.7988, 88.9899, 84.8042]
N=5000, p=40, model=Gumbel samp: [8.4829, 8.0464, 7.3106, 12.7061, 7.0503, 9.5427, 22.3471, 9.5401, 10.5583, 8.216]
N=5000, p=40, model=Gumbel wgan: [52.3281, 129.9819, 80.8014, 69.0552, 66.0006, 91.9686, 64.7904, 108.778, 47.7271, 97.482]
N=10000, p=10, model=Cauchy samp: [6581.9247, 9653.8259, 4322.9667, 112012.3272, 3673.3909, 12537.229, 6459.206, 11879.0294, 27399.6139, 434.6424]
N=10000, p=10, model=Cauchy wgan: [4.0426, 2.4605, 4.3645, 4.3079, 2.6187, 2.8927, 3.847, 3.5821, 2.0968, 2.7418]
N=10000, p=10, model=Normal samp: [20.5822, 19.6455, 20.0639, 20.1493, 19.5194, 19.205, 18.9223, 19.8422, 20.4906, 19.6054]
N=10000, p=10, model=Normal wgan: [11.454, 13.3903, 2.9747, 17.2055, 8.2855, 12.6209, 4.8493, 2.8719, 16.2321, 8.7016]
N=10000, p=10, model=Gumbel samp: [9.019, 10.0682, 9.3447, 8.7598, 8.5878, 8.3134, 9.9278, 7.9365, 9.6415, 8.9094]
N=10000, p=10, model=Gumbel wgan: [4.1308, 4.1184, 8.3288, 7.7007, 8.305, 4.6656, 8.4473, 7.8252, 6.9796, 9.7331]
N=10000, p=20, model=Cauchy samp: [296035.9692, 955.9821, 2636.6708, 23658.3641, 108313.495, 52679.9229, 17610.1497, 1652082.8997, 870082.9375, 667756.3968]
N=10000, p=20, model=Cauchy wgan: [6.276, 20.416, 12.5217, 7.9381, 19.085, 17.7725, 8.2721, 21.208, 21.4761, 16.053]
N=10000, p=20, model=Normal samp: [35.5326, 33.5141, 34.7499, 35.9659, 33.6147, 34.1303, 35.5944, 37.9016, 35.1363, 33.9831]
N=10000, p=20, model=Normal wgan: [31.5541, 39.3238, 37.2801, 42.1476, 35.937, 26.3251, 42.1729, 46.7372, 47.2755, 24.0174]
N=10000, p=20, model=Gumbel samp: [10.7666, 11.7887, 12.0638, 8.6372, 11.1995, 9.6412, 10.0665, 9.4506, 8.6606, 9.0749]
N=10000, p=20, model=Gumbel wgan: [7.9626, 15.4309, 31.4186, 72.6883, 13.6742, 13.8283, 41.536, 23.4066, 16.6785, 8.4424]
N=10000, p=40, model=Cauchy samp: [329800.542, 91810.8939, 441767.6777, 428638.0508, 113441.8487, 1416706.2646, 280506.2749, 10780.5367, 341635.7285, 587550.5146]
N=10000, p=40, model=Cauchy wgan: [60.1695, 44.9674, 90.5789, 52.717, 43.7228, 33.5063, 51.0625, 36.4923, 47.933, 79.5769]
N=10000, p=40, model=Normal samp: [57.4274, 43.9067, 49.606, 48.8388, 64.719, 43.871, 52.1052, 45.8225, 55.0956, 46.5727]
N=10000, p=40, model=Normal wgan: [126.8331, 85.3509, 96.3674, 126.2475, 71.6962, 104.9598, 89.3874, 92.9185, 106.601, 121.7473]
N=10000, p=40, model=Gumbel samp: [16.3227, 6.3984, 11.6913, 7.5213, 7.9081, 6.177, 6.345, 6.0772, 15.2167, 7.1278]
N=10000, p=40, model=Gumbel wgan: [48.7539, 77.853, 106.7539, 116.5739, 47.3434, 65.8117, 150.0529, 93.9394, 51.5661, 128.1347]
