N=100, p=10, model=Cauchy samp: [18.6901, 3.1137, 11.1726, 2.0786, 7.2705, 2.0639, 2.5315, 7.4955, 3.707, 1.8784]
N=100, p=10, model=Cauchy wgan: [6.3537, 2.3779, 0.3127, 0.9969, 1.1023, 0.3906, 24.487, 6.3196, 17.2923, 2.1377]
N=100, p=10, model=Normal samp: [0.6972, 0.2849, 0.5032, 0.384, 0.2859, 0.9483, 0.7947, 0.7204, 0.0635, 0.5559]
N=100, p=10, model=Normal wgan: [0.9388, 1.2591, 0.3716, 0.7777, 0.4455, 0.928, 0.661, 0.495, 0.8961, 0.7352]
N=100, p=10, model=Gumbel samp: [1.2289, 2.1969, 0.5982, 1.8133, 0.5006, 0.3394, 0.5049, 0.6549, 0.1432, 0.9278]
N=100, p=10, model=Gumbel wgan: [27.4992, 35.7257, 0.9591, 23.8863, 21.9297, 0.0938, 0.3105, 0.8766, 0.1957, 29.9072]
N=100, p=20, model=Cauchy samp: [44.4258, 10.668, 9.8466, 3.6989, 5035.6711, 1.3781, 8.1729, 4.0962, 2.8995, 2.5607]
N=100, p=20, model=Cauchy wgan: [0.8915, 1.3159, 1.8727, 1.2373, 6.7807, 0.4613, 25.1298, 19.3907, 15.2882, 6.2688]
N=100, p=20, model=Normal samp: [0.4726, 1.1266, 0.5784, 0.3319, 0.9666, 0.2118, 0.7675, 0.8486, 0.4314, 0.8235]
N=100, p=20, model=Normal wgan: [12.7536, 2.1328, 30.9727, 0.6759, 0.3753, 1.3569, 0.6495, 0.7252, 7.1527, 0.6413]
N=100, p=20, model=Gumbel samp: [1.5639, 3.0887, 1.6255, 2.1274, 0.6282, 3.591, 1.7543, 1.7892, 3.295, 2.8281]
N=100, p=20, model=Gumbel wgan: [34.3613, 45.9434, 46.5825, 51.2647, 37.4508, 41.351, 67.4969, 34.817, 64.7831, 34.525]
N=100, p=40, model=Cauchy samp: [20.6462, 2454.2544, 4.7703, 47.0403, 17.2497, 570.366, 547.5793, 18.6795, 42.4114, 114.5178]
N=100, p=40, model=Cauchy wgan: [39.2314, 41.5811, 0.7144, 1.5911, 38.83, 24.7872, 43.2749, 0.824, 40.7691, 3.5865]
N=100, p=40, model=Normal samp: [1.255, 1.0726, 1.8238, 1.6547, 1.3449, 0.5184, 1.1298, 1.4323, 2.7877, 1.2487]
N=100, p=40, model=Normal wgan: [0.7439, 2.1532, 1.1106, 64.372, 0.7338, 1.1573, 0.7507, 1.1821, 1.1692, 0.8739]
N=100, p=40, model=Gumbel samp: [3.9344, 3.5742, 1.8341, 2.5659, 6.1846, 3.9178, 6.6961, 1.9286, 3.2532, 2.7024]
N=100, p=40, model=Gumbel wgan: [69.2089, 60.7562, 24.9625, 52.9326, 60.4183, 68.9577, 2.8629, 28.4434, 42.4726, 1.8517]
N=100, p=80, model=Cauchy samp: [10.763, 36.2125, 23.2564, 1456.1439, 57.6716, 37.309, 776.8949, 22125.3865, 36.5794, 531.5935]
N=100, p=80, model=Cauchy wgan: [2.1113, 72.3587, 5.2688, 2.7823, 68.099, 6.2577, 9.4298, 18.3959, 6.7064, 61.3126]
N=100, p=80, model=Normal samp: [3.6364, 3.1654, 3.2111, 4.4417, 2.0434, 1.5, 1.4512, 6.439, 3.1137, 4.9919]
N=100, p=80, model=Normal wgan: [1.5658, 1.1988, 1.4836, 1.7422, 1.3316, 1.3055, 1.2892, 1.5066, 1.1497, 1.1766]
N=100, p=80, model=Gumbel samp: [6.9863, 8.1937, 8.653, 6.4277, 6.6456, 1.4516, 4.3083, 8.1829, 15.2995, 15.7388]
N=100, p=80, model=Gumbel wgan: [78.3474, 4.3353, 163.5922, 4.0306, 94.9874, 3.9106, 5.2128, 11.3515, 5.5168, 5.2393]
N=1000, p=10, model=Cauchy samp: [2.7121, 0.6899, 5.508, 4.321, 0.7771, 2.4399, 0.9731, 2.2841, 1.0414, 4.7061]
N=1000, p=10, model=Cauchy wgan: [1.3531, 26.0307, 0.336, 0.1709, 5.4653, 8.0542, 0.6673, 0.2596, 0.3529, 0.3438]
N=1000, p=10, model=Normal samp: [0.2194, 0.228, 0.3785, 0.4044, 0.2567, 0.2306, 0.4181, 0.221, 0.3145, 0.1675]
N=1000, p=10, model=Normal wgan: [0.2015, 0.1063, 0.2914, 3.6661, 0.1208, 0.1231, 0.3613, 0.171, 0.162, 0.0663]
N=1000, p=10, model=Gumbel samp: [0.6898, 0.9068, 0.8014, 0.8971, 0.6062, 1.074, 0.6086, 0.9118, 0.6076, 0.777]
N=1000, p=10, model=Gumbel wgan: [0.3341, 0.0626, 0.1708, 0.5897, 1.5119, 111.8116, 0.4618, 0.827, 0.0734, 0.4122]
N=1000, p=20, model=Cauchy samp: [4.8857, 5.5221, 4.6758, 154.3879, 55.2855, 5.4584, 13.6035, 2.0976, 77.4026, 4.2941]
N=1000, p=20, model=Cauchy wgan: [0.0849, 0.0931, 0.4024, 1.3374, 0.3497, 84.3709, 5.0444, 0.3307, 0.5604, 0.1447]
N=1000, p=20, model=Normal samp: [0.7941, 0.8535, 0.5307, 0.6823, 0.6113, 0.5501, 0.6894, 0.6087, 0.4657, 0.5041]
N=1000, p=20, model=Normal wgan: [0.8347, 0.5867, 0.8994, 26.4276, 22.8532, 0.4779, 0.3111, 0.4344, 0.1066, 0.6192]
N=1000, p=20, model=Gumbel samp: [1.2705, 1.4961, 1.3008, 1.5766, 1.6939, 1.5907, 2.4467, 1.9179, 1.4282, 1.6954]
N=1000, p=20, model=Gumbel wgan: [0.0855, 0.1797, 0.1816, 2.7953, 6.7237, 0.2345, 0.3655, 0.1925, 54.306, 0.6339]
N=1000, p=40, model=Cauchy samp: [7.3871, 49.1057, 13.0652, 25.7175, 106.4472, 10.0827, 12.9072, 6.8237, 38.0467, 1541.9921]
N=1000, p=40, model=Cauchy wgan: [134.196, 0.774, 0.5834, 0.3135, 0.8671, 1.6157, 0.4175, 0.8052, 0.7123, 0.709]
N=1000, p=40, model=Normal samp: [1.2847, 1.3217, 1.2495, 1.4694, 0.8168, 1.1407, 1.4923, 1.2032, 1.265, 1.1943]
N=1000, p=40, model=Normal wgan: [0.2922, 0.325, 0.3345, 11.0429, 0.3654, 1.8662, 0.2473, 0.2, 0.3017, 0.2888]
N=1000, p=40, model=Gumbel samp: [3.4739, 3.0414, 2.8757, 2.3595, 4.6444, 3.2612, 3.1008, 2.4579, 3.444, 3.4163]
N=1000, p=40, model=Gumbel wgan: [1.3844, 44.2056, 52.9692, 65.5872, 0.4718, 0.1922, 0.3746, 0.2604, 161.0607, 39.2291]
N=1000, p=80, model=Cauchy samp: [378.672, 61.5979, 70.2768, 38.1576, 20.0821, 2053.9014, 316.821, 26.1893, 41.1262, 667.6013]
N=1000, p=80, model=Cauchy wgan: [807.9009, 849.3504, 710.6578, 603.745, 336.4061, 740.5721, 4.6493, 208.8483, 167.4906, 852.3733]
N=1000, p=80, model=Normal samp: [2.5488, 3.0345, 4.252, 2.1819, 1.5444, 2.5248, 1.4971, 2.9205, 2.5149, 2.289]
N=1000, p=80, model=Normal wgan: [1.0161, 0.5716, 0.9804, 0.7602, 0.7182, 0.6102, 0.7671, 0.7425, 0.9345, 0.7063]
N=1000, p=80, model=Gumbel samp: [6.5312, 5.7561, 9.0499, 6.1639, 5.2754, 7.6232, 5.4401, 4.8625, 7.9961, 5.0746]
N=1000, p=80, model=Gumbel wgan: [0.8201, 1.2879, 0.5656, 1.4626, 0.4452, 0.269, 0.5893, 0.3436, 576.7067, 0.7762]
N=5000, p=10, model=Cauchy samp: [30.2129, 76.8765, 0.9684, 36.4449, 4.2837, 5.8625, 2.9044, 2.5768, 1.7558, 7.3287]
N=5000, p=10, model=Cauchy wgan: [0.3639, 0.4186, 0.4066, 0.2474, 0.8258, 0.9416, 1.9071, 69.8053, 0.1227, 0.4441]
N=5000, p=10, model=Normal samp: [0.2749, 0.3222, 0.2764, 0.333, 0.3256, 0.2973, 0.3012, 0.2783, 0.3494, 0.2756]
N=5000, p=10, model=Normal wgan: [0.1979, 0.2133, 0.1943, 0.1401, 0.3174, 0.1776, 0.3308, 0.0923, 0.4211, 0.0712]
N=5000, p=10, model=Gumbel samp: [0.7305, 0.8348, 0.7674, 0.8809, 0.7118, 0.6911, 0.6771, 0.6649, 0.7137, 0.8538]
N=5000, p=10, model=Gumbel wgan: [1.6841, 67.5256, 0.1893, 0.073, 0.1483, 78.4843, 0.1004, 73.2937, 70.2411, 0.6454]
N=5000, p=20, model=Cauchy samp: [5.7324, 10.2112, 6.1345, 285723.2574, 6.6422, 18.9682, 3.4159, 3.9363, 3.4405, 13.6488]
N=5000, p=20, model=Cauchy wgan: [0.5297, 0.2813, 0.1736, 0.3534, 0.212, 0.0391, 0.1546, 0.2163, 3.883, 0.3035]
N=5000, p=20, model=Normal samp: [0.5293, 0.6657, 0.6243, 0.6349, 0.5751, 0.7048, 0.644, 0.6423, 0.665, 0.6503]
N=5000, p=20, model=Normal wgan: [0.068, 0.1353, 0.074, 0.5195, 0.4487, 0.2773, 0.8937, 0.1364, 0.1569, 0.0923]
N=5000, p=20, model=Gumbel samp: [1.5235, 1.4994, 1.4368, 1.6137, 1.3169, 1.676, 1.5604, 1.6214, 1.3747, 1.742]
N=5000, p=20, model=Gumbel wgan: [10.5298, 149.4106, 0.0895, 0.1744, 0.0473, 0.2607, 0.0814, 14.7027, 0.0712, 0.0417]
N=5000, p=40, model=Cauchy samp: [76.0737, 13.6364, 28.6783, 58.134, 10.8966, 31.7681, 4.8862, 168.3197, 31.4372, 120.5415]
N=5000, p=40, model=Cauchy wgan: [0.3177, 0.1179, 0.2605, 0.2041, 0.3323, 0.1509, 0.1354, 0.336, 0.1945, 0.2516]
N=5000, p=40, model=Normal samp: [1.1993, 1.3234, 1.0676, 1.0387, 1.1833, 1.1905, 1.2305, 1.2583, 1.0205, 1.1944]
N=5000, p=40, model=Normal wgan: [0.1122, 0.1154, 0.0839, 0.1012, 0.0854, 0.1221, 0.1132, 0.1, 0.0804, 0.1445]
N=5000, p=40, model=Gumbel samp: [3.4803, 2.4233, 3.4863, 2.9869, 2.9116, 2.5034, 2.8392, 2.948, 3.0662, 3.1315]
N=5000, p=40, model=Gumbel wgan: [0.1083, 0.092, 0.1029, 0.1667, 0.054, 0.6317, 0.0658, 0.0518, 0.1472, 0.1139]
N=5000, p=80, model=Cauchy samp: [139858.4204, 112610.6612, 78.0108, 119.0336, 1854.7287, 72.2891, 30.0846, 66.0663, 203.0759, 323.1353]
N=5000, p=80, model=Cauchy wgan: [0.4853, 0.2883, 0.3405, 0.2589, 0.8698, 0.1982, 0.5383, 0.293, 0.4796, 0.4451]
N=5000, p=80, model=Normal samp: [2.0807, 2.4127, 2.1813, 2.1518, 1.8757, 2.689, 2.1023, 2.4479, 2.4945, 2.2431]
N=5000, p=80, model=Normal wgan: [0.1701, 0.2031, 0.1629, 0.1767, 0.2158, 0.2242, 0.1337, 0.1511, 0.2059, 0.1686]
N=5000, p=80, model=Gumbel samp: [6.5955, 5.6372, 6.3156, 7.1735, 6.4134, 6.7602, 5.9114, 7.0781, 6.5245, 7.7876]
N=5000, p=80, model=Gumbel wgan: [124.5319, 32.2252, 0.2612, 0.6995, 299.0974, 22.9843, 0.6503, 22.1132, 8.453, 91.2118]
N=10000, p=10, model=Cauchy samp: [2.4457, 0.9937, 1.5393, 1.0136, 32.6611, 0.9844, 5.5648, 1063997.6446, 88.7131, 4.945]
N=10000, p=10, model=Cauchy wgan: [3.6858, 0.1559, 0.3881, 0.0445, 0.1193, 0.2095, 0.0505, 0.6958, 119.2975, 0.5502]
N=10000, p=10, model=Normal samp: [0.2551, 0.345, 0.305, 0.3331, 0.3284, 0.3342, 0.3246, 0.2439, 0.2884, 0.3046]
N=10000, p=10, model=Normal wgan: [0.1124, 0.2823, 0.4266, 0.1342, 27.2477, 0.0298, 0.314, 0.2496, 0.385, 0.2896]
N=10000, p=10, model=Gumbel samp: [0.8231, 0.8201, 0.7729, 0.7611, 0.7915, 0.7238, 0.803, 0.7374, 0.7426, 0.7348]
N=10000, p=10, model=Gumbel wgan: [0.48, 0.4821, 0.0627, 70.0785, 0.5744, 0.2151, 0.6581, 0.2727, 79.2635, 66.4653]
N=10000, p=20, model=Cauchy samp: [9.2134, 43.7695, 28.5307, 1.8663, 404.7899, 14.6994, 7.2447, 22.0761, 2.2117, 3.3957]
N=10000, p=20, model=Cauchy wgan: [0.046, 0.3244, 0.089, 0.2398, 4.7515, 0.4088, 0.2105, 1.0738, 34.9613, 0.482]
N=10000, p=20, model=Normal samp: [0.6519, 0.5514, 0.6216, 0.6216, 0.6062, 0.6368, 0.5641, 0.5893, 0.5748, 0.5538]
N=10000, p=20, model=Normal wgan: [0.3027, 0.1364, 0.6486, 0.2212, 0.4669, 0.6347, 57.4411, 0.1202, 0.1065, 0.6103]
N=10000, p=20, model=Gumbel samp: [1.4875, 1.6531, 1.5849, 1.63, 1.425, 1.5984, 1.615, 1.7849, 1.4282, 1.7477]
N=10000, p=20, model=Gumbel wgan: [0.0373, 0.0957, 34.4598, 8.3341, 19.0812, 0.1443, 0.0435, 0.2963, 0.0147, 0.1662]
N=10000, p=40, model=Cauchy samp: [7.4875, 61739.4249, 146.7904, 14.8741, 7.4777, 45.4013, 12.1822, 79.2272, 67.4012, 7.1243]
N=10000, p=40, model=Cauchy wgan: [0.1052, 0.476, 1.3446, 2.6308, 1.3466, 0.5657, 845.5385, 180.9232, 24.0543, 0.2168]
N=10000, p=40, model=Normal samp: [1.2697, 1.259, 1.1525, 1.2807, 1.2757, 1.2081, 1.2917, 1.2304, 1.2825, 1.1273]
N=10000, p=40, model=Normal wgan: [0.1095, 0.0955, 0.0991, 0.0878, 0.0863, 0.1016, 0.0928, 0.115, 0.1148, 0.08]
N=10000, p=40, model=Gumbel samp: [3.2007, 3.1909, 2.884, 3.2861, 3.4544, 2.8995, 3.1764, 3.3068, 3.0949, 2.9082]
N=10000, p=40, model=Gumbel wgan: [0.0726, 0.1131, 0.1064, 0.0848, 0.0544, 0.0656, 0.0488, 0.065, 0.0644, 0.0416]
N=10000, p=80, model=Cauchy samp: [69.9132, 39.4355, 120.0246, 261.7154, 549.4984, 29.8531, 32.3752, 41.2604, 34.1587, 43.9886]
N=10000, p=80, model=Cauchy wgan: [0.2086, 0.2366, 0.2369, 0.2558, 0.1648, 1.063, 2493.6158, 0.2145, 0.1039, 0.2741]
N=10000, p=80, model=Normal samp: [2.5888, 2.7235, 2.2681, 2.1691, 2.485, 2.397, 2.4144, 2.4645, 2.5482, 2.2653]
N=10000, p=80, model=Normal wgan: [0.2611, 0.2679, 0.218, 0.1166, 0.1839, 0.1561, 0.1202, 0.1045, 0.202, 0.1083]
N=10000, p=80, model=Gumbel samp: [6.6966, 6.6591, 5.908, 6.0803, 6.3805, 6.6305, 6.8478, 6.3446, 6.0902, 6.0154]
N=10000, p=80, model=Gumbel wgan: [0.2761, 0.6832, 0.6131, 0.3594, 12.6354, 139.9859, 0.6864, 0.8292, 0.5218, 134.7565]
